[[2.59861, 0.44981, 3.34876, 0.06945],
[2.36821, 0.42107, 3.6083, 0.06435],
[2.1351, 0.39855, 3.93774, 0.05948],
[1.89659, 0.38121, 4.0, 0.05978],
[1.64935, 0.36815, 4.0, 0.0619],
[1.3894, 0.35854, 4.0, 0.06503],
[1.11281, 0.35159, 4.0, 0.06917],
[0.81885, 0.34638, 4.0, 0.0735],
[0.51808, 0.34172, 4.0, 0.0752],
[0.21732, 0.33706, 3.27846, 0.09175],
[-0.08345, 0.3324, 2.6767, 0.11238],
[-0.38421, 0.32774, 2.31503, 0.12993],
[-0.68498, 0.32308, 2.06729, 0.1455],
[-0.98571, 0.31836, 1.87292, 0.16059],
[-1.2832, 0.30725, 1.71292, 0.1738],
[-1.57436, 0.28392, 1.58713, 0.18404],
[-1.85636, 0.24346, 1.48425, 0.19194],
[-2.12663, 0.18188, 1.39695, 0.19843],
[-2.38281, 0.09597, 1.32245, 0.20432],
[-2.62231, -0.0174, 1.25775, 0.21068],
[-2.84181, -0.16183, 1.20015, 0.21894],
[-3.03659, -0.34144, 1.14918, 0.23055],
[-3.19761, -0.55919, 1.1, 0.2462],
[-3.30778, -0.80509, 1.1, 0.24496],
[-3.35497, -1.05032, 1.1, 0.22702],
[-3.34448, -1.27954, 1.1, 0.20861],
[-3.28343, -1.48669, 1.1, 0.19633],
[-3.17551, -1.6675, 1.1, 0.19142],
[-3.01991, -1.81509, 1.27473, 0.16824],
[-2.828, -1.93236, 1.40635, 0.15993],
[-2.60344, -2.0183, 1.58875, 0.15134],
[-2.35023, -2.0727, 1.8601, 0.13924],
[-2.07385, -2.09795, 2.32669, 0.11928],
[-1.78174, -2.10068, 3.41719, 0.08549],
[-1.48108, -2.09163, 4.0, 0.0752],
[-1.1809, -2.08791, 4.0, 0.07505],
[-0.88147, -2.08975, 4.0, 0.07486],
[-0.58294, -2.09738, 4.0, 0.07466],
[-0.28542, -2.11103, 3.98629, 0.07471],
[0.01095, -2.13095, 3.11067, 0.09549],
[0.30603, -2.15738, 2.63616, 0.11238],
[0.59966, -2.1906, 2.32832, 0.12692],
[0.89164, -2.23088, 2.10403, 0.14008],
[1.18168, -2.27849, 1.93294, 0.15206],
[1.46896, -2.33416, 1.7943, 0.16308],
[1.74629, -2.40138, 1.66761, 0.17112],
[2.00905, -2.48279, 1.62948, 0.16881],
[2.25663, -2.58112, 1.59258, 0.16728],
[2.48729, -2.69836, 1.55579, 0.16631],
[2.69868, -2.8358, 1.52146, 0.16572],
[2.88787, -2.99417, 1.48835, 0.16577],
[3.05086, -3.17373, 1.45541, 0.16663],
[3.1854, -3.37213, 1.42222, 0.16855],
[3.28882, -3.58656, 1.3861, 0.17175],
[3.3582, -3.8135, 1.35131, 0.17561],
[3.39066, -4.04842, 1.35131, 0.1755],
[3.38372, -4.28562, 1.35131, 0.17561],
[3.33569, -4.51826, 1.35131, 0.17579],
[3.24603, -4.73859, 1.35131, 0.17604],
[3.11525, -4.93842, 1.35131, 0.17673],
[2.94443, -5.1096, 1.61107, 0.1501],
[2.74651, -5.25699, 1.71853, 0.14359],
[2.52435, -5.38074, 1.84954, 0.13749],
[2.28035, -5.48117, 2.01238, 0.13112],
[2.01699, -5.55894, 2.22391, 0.12348],
[1.73739, -5.61539, 2.51706, 0.11333],
[1.44572, -5.65296, 2.95788, 0.09942],
[1.14726, -5.67552, 3.7414, 0.08],
[0.84678, -5.68819, 4.0, 0.07519],
[0.54721, -5.7051, 4.0, 0.07501],
[0.24822, -5.72629, 4.0, 0.07493],
[-0.05017, -5.75179, 4.0, 0.07487],
[-0.34796, -5.78164, 3.32348, 0.09005],
[-0.64513, -5.81589, 2.64306, 0.11318],
[-0.94166, -5.85463, 2.25969, 0.13234],
[-1.23753, -5.89794, 2.00327, 0.14927],
[-1.5327, -5.94595, 1.81512, 0.16476],
[-1.81241, -5.98647, 1.66943, 0.1693],
[-2.08774, -6.01534, 1.66943, 0.16583],
[-2.35724, -6.02713, 1.66943, 0.16159],
[-2.62005, -6.0173, 1.66943, 0.15753],
[-2.87543, -5.98178, 1.66943, 0.15445],
[-3.12231, -5.91628, 1.66943, 0.153],
[-3.3588, -5.81566, 1.90764, 0.13472],
[-3.58661, -5.68734, 2.08446, 0.12543],
[-3.80642, -5.53448, 2.31429, 0.11569],
[-4.01916, -5.36019, 2.63772, 0.10426],
[-4.22615, -5.16788, 3.14922, 0.08972],
[-4.4293, -4.96142, 3.50616, 0.08261],
[-4.63068, -4.745, 3.41713, 0.08651],
[-4.82679, -4.52113, 3.33204, 0.08932],
[-5.01392, -4.29334, 3.25286, 0.09063],
[-5.19171, -4.06159, 3.16459, 0.0923],
[-5.35992, -3.82574, 3.02491, 0.09577],
[-5.51825, -3.58567, 3.02491, 0.09507],
[-5.66638, -3.34127, 3.02491, 0.09448],
[-5.80394, -3.09242, 3.02491, 0.094],
[-5.93055, -2.83901, 3.02491, 0.09365],
[-6.04564, -2.58089, 3.02491, 0.09343],
[-6.14815, -2.31772, 3.04526, 0.09274],
[-6.23819, -2.04971, 3.06117, 0.09236],
[-6.31577, -1.77701, 3.07684, 0.09215],
[-6.38082, -1.49982, 3.08819, 0.0922],
[-6.43321, -1.21835, 3.0992, 0.09238],
[-6.47272, -0.93289, 3.1084, 0.09271],
[-6.49911, -0.6438, 3.10599, 0.09346],
[-6.5121, -0.35163, 3.08885, 0.09468],
[-6.5114, -0.0571, 3.06122, 0.09621],
[-6.49681, 0.23882, 3.02997, 0.09778],
[-6.46815, 0.53498, 2.99268, 0.09942],
[-6.42534, 0.83014, 2.76403, 0.1079],
[-6.36834, 1.12321, 2.50057, 0.1194],
[-6.29711, 1.41337, 2.29943, 0.12993],
[-6.21151, 1.69992, 2.13833, 0.13986],
[-6.11136, 1.98217, 2.0069, 0.14923],
[-5.9965, 2.25929, 1.89602, 0.15821],
[-5.86483, 2.52911, 1.80051, 0.16675],
[-5.71425, 2.78705, 1.71245, 0.17442],
[-5.54482, 3.02668, 1.63347, 0.17967],
[-5.35828, 3.24207, 1.5626, 0.18234],
[-5.15716, 3.42909, 1.49632, 0.18354],
[-4.94415, 3.58524, 1.49632, 0.17651],
[-4.72183, 3.70909, 1.49632, 0.17008],
[-4.49255, 3.79946, 1.49632, 0.1647],
[-4.25855, 3.85513, 1.49632, 0.16075],
[-4.02209, 3.87442, 1.49632, 0.15856],
[-3.78575, 3.85467, 1.56607, 0.15144],
[-3.55195, 3.79875, 1.63534, 0.147],
[-3.32258, 3.7081, 1.71467, 0.14384],
[-3.09923, 3.5834, 1.74026, 0.14699],
[-2.88251, 3.42373, 1.71758, 0.15672],
[-2.65653, 3.29824, 1.71758, 0.15049],
[-2.42473, 3.20515, 1.71758, 0.14543],
[-2.18942, 3.14282, 1.71758, 0.14173],
[-1.95225, 3.11015, 1.71758, 0.13939],
[-1.71451, 3.10672, 1.71758, 0.13843],
[-1.47736, 3.13318, 2.02109, 0.11807],
[-1.24122, 3.18163, 2.32882, 0.10351],
[-1.00607, 3.24718, 2.78536, 0.08764],
[-0.77171, 3.32471, 2.54181, 0.09712],
[-0.53779, 3.40875, 2.35143, 0.10571],
[-0.28705, 3.49294, 2.18835, 0.12087],
[-0.03561, 3.56855, 2.18835, 0.11998],
[0.21642, 3.63298, 2.15913, 0.12048],
[0.46878, 3.68372, 2.0983, 0.12267],
[0.72103, 3.71845, 2.01936, 0.12609],
[0.97262, 3.73499, 1.79061, 0.14081],
[1.22293, 3.73101, 1.61836, 0.15468],
[1.47162, 3.70741, 1.48754, 0.16793],
[1.71836, 3.663, 1.37825, 0.1819],
[1.96146, 3.59656, 1.37825, 0.18286],
[2.20303, 3.55458, 1.37825, 0.1779],
[2.44158, 3.54152, 1.37825, 0.17334],
[2.67499, 3.56159, 1.37825, 0.16998],
[2.90017, 3.61903, 1.37825, 0.16861],
[3.1121, 3.71905, 1.4696, 0.15946],
[3.30837, 3.85672, 1.57818, 0.15191],
[3.48729, 4.02809, 1.7122, 0.1447],
[3.64782, 4.22949, 1.68525, 0.15283],
[3.78981, 4.45702, 1.54908, 0.17314],
[3.91435, 4.70618, 1.43959, 0.1935],
[4.02411, 4.972, 1.34955, 0.2131],
[4.15606, 5.21865, 1.2694, 0.22036],
[4.30925, 5.43616, 1.2694, 0.20958],
[4.4819, 5.6195, 1.2694, 0.19839],
[4.67092, 5.76513, 1.25247, 0.19052],
[4.87232, 5.8704, 1.22312, 0.1858],
[5.08141, 5.93309, 1.22312, 0.17846],
[5.29261, 5.95077, 1.22312, 0.17328],
[5.50039, 5.92753, 1.22312, 0.17093],
[5.69959, 5.86349, 1.22312, 0.17107],
[5.88404, 5.75782, 1.22312, 0.1738],
[6.04521, 5.60917, 1.33313, 0.16446],
[6.17939, 5.42519, 1.41673, 0.16073],
[6.28288, 5.21073, 1.51517, 0.15717],
[6.353, 4.9707, 1.63646, 0.15281],
[6.38845, 4.71032, 1.78877, 0.1469],
[6.38972, 4.43502, 1.99334, 0.13811],
[6.35962, 4.15021, 2.28789, 0.12518],
[6.30349, 3.86077, 2.67016, 0.11042],
[6.22858, 3.57059, 2.63587, 0.1137],
[6.13647, 3.28533, 2.60105, 0.11525],
[6.02821, 3.00869, 2.56155, 0.11597],
[5.90463, 2.74232, 2.52239, 0.11642],
[5.7665, 2.48738, 2.48115, 0.11686],
[5.61461, 2.24473, 2.43544, 0.11754],
[5.44967, 2.01512, 2.38692, 0.11844],
[5.27237, 1.7992, 2.3362, 0.11959],
[5.08341, 1.59769, 2.3362, 0.11825],
[4.88351, 1.41131, 2.3362, 0.11699],
[4.67352, 1.24088, 2.3362, 0.11576],
[4.45447, 1.08736, 2.3362, 0.1145],
[4.22777, 0.95183, 2.3362, 0.11306],
[3.99546, 0.83551, 2.43583, 0.10666],
[3.7605, 0.73705, 2.54578, 0.10007],
[3.52523, 0.65477, 2.67096, 0.09331],
[3.29116, 0.58677, 2.80748, 0.08682],
[3.05893, 0.53112, 2.96121, 0.08065],
[2.82836, 0.48602, 3.13756, 0.07488]]